0.000125 -2 400 0 
0.006375 2 400 0 
0.012625 1 400 1 
0.018875 -2 400 1 
0.025125 -1 400 0 
0.031375 1 400 0 
0.037625 1 400 0 
0.043875 -2 400 1 
0.050125 -2 400 0 
0.056375 2 400 0 
0.062625 0 400 1 
0.068875 -1 400 0 
0.075125 -1 400 0 
0.081375 2 400 0 
0.087625 1 400 1 
0.093875 -2 400 1 
0.100125 -2 400 0 
0.106375 -1 400 0 
0.112625 -1 400 1 
0.118875 -3 400 1 
0.125125 -1 400 -1 
0.131375 1 400 0 
0.137625 0 400 1 
0.143875 -2 400 1 
0.150125 -2 500 0 
0.156375 2 400 0 
0.162625 -1 400 0 
0.168875 -2 400 1 
0.175125 -1 400 -1 
0.181375 3 300 -1 
0.187625 0 400 1 
0.193875 -4 400 2 
0.200125 -1 500 -2 
0.206375 3 400 0 
0.212625 1 400 1 
0.218875 -2 400 1 
0.225125 -1 400 0 
0.231375 1 400 0 
0.237625 0 400 1 
0.243875 -2 400 1 
0.250125 -1 400 -1 
0.256375 2 400 0 
0.262625 1 400 1 
0.268875 -1 400 1 
0.275125 -1 400 0 
0.281375 1 400 0 
0.287625 1 400 0 
0.293875 -1 400 0 
0.300125 -1 400 0 
0.306375 1 400 0 
0.312625 1 400 0 
0.318875 -1 400 1 
0.325125 -1 400 0 
0.331375 2 400 0 
0.337625 0 400 1 
0.343875 -2 400 1 
0.350125 -1 400 0 
0.356375 1 400 0 
0.362625 1 400 1 
0.368875 -1 400 0 
0.375125 -1 400 0 
0.381375 1 400 0 
0.387625 0 400 0 
0.393875 -2 400 1 
0.400125 -1 400 -1 
0.406375 1 400 0 
0.412625 1 400 0 
0.418875 -1 400 1 
0.425125 -1 400 0 
0.431375 1 300 0 
0.437625 0 400 -1 
0.443875 -2 400 2 
0.450125 -1 400 0 
0.456375 1 400 1 
0.462625 0 500 1 
0.468875 -2 400 1 
0.475125 -1 400 0 
0.481375 -1 400 0 
0.487625 1 400 0 
0.493875 0 400 0 
0.500125 0 500 -1 
0.506375 0 400 0 
0.512625 0 400 0 
0.518875 -2 400 1 
0.525125 -1 400 -1 
0.531375 1 400 0 
0.537625 0 400 1 
0.543875 -2 400 1 
0.550125 0 500 -1 
0.556375 2 400 0 
0.562625 -1 400 0 
0.568875 -3 300 1 
0.575125 1 400 -3 
0.581375 5 400 0 
0.587625 1 500 2 
0.593875 -1 400 1 
0.600125 -1 400 0 
0.606375 0 400 0 
0.612625 0 400 1 
0.618875 -1 400 0